// Test Correlation matrix 
1.00 0.27 0.23 0.33 0.37 0.29 0.25 0.12 0.24 0.28 0.22 0.16
0.27 1.00 0.39 0.40 0.36 0.43 0.29 0.15 0.35 0.21 0.15 0.09
0.23 0.39 1.00 0.33 0.26 0.36 0.19 0.16 0.21 0.16 0.09 0.08
0.33 0.40 0.33 1.00 0.50 0.34 0.31 0.24 0.46 0.35 0.24 0.18
0.37 0.36 0.26 0.50 1.00 0.45 0.25 0.21 0.44 0.25 0.14 0.11
0.29 0.43 0.36 0.34 0.45 1.00 0.26 0.14 0.36 0.13 0.13 0.05
0.25 0.29 0.19 0.31 0.25 0.26 1.00 0.23 0.27 0.33 0.24 0.16
0.12 0.15 0.16 0.24 0.21 0.14 0.23 1.00 0.18 0.03 0.05 0.01
0.24 0.35 0.21 0.46 0.44 0.36 0.27 0.18 1.00 0.30 0.22 0.20
0.28 0.21 0.16 0.35 0.25 0.13 0.33 0.03 0.30 1.00 0.50 0.37
0.22 0.15 0.09 0.24 0.14 0.13 0.24 0.05 0.22 0.50 1.00 0.64
0.16 0.09 0.08 0.18 0.11 0.05 0.16 0.01 0.20 0.37 0.64 1.00
